"mean", "var", "foopsi_mean", "foopsi_threshold",
0.30091,0.23319,0.0027174,0.087135
0.39692,0.32223,0.0031139,0.095833
0.15071,0.057844,0.0035942,0.097031
0.39104,0.028927,0.0035942,0.097031
0.07016,0.0095276,0.0036504,0.10023
0.078849,0.026267,0.0035213,0.097457
0.1184,0.060412,0.0033761,0.092793
0.06077,0.010319,0.0035981,0.089273
0.20297,0.017492,0.0036898,0.093541
0.63586,0.043211,0.0036898,0.093541
0.089272,0.026465,0.0036898,0.093541
0.061648,0.0019994,0.0042828,0.096489
0.82902,0.096278,0.0042828,0.096489
1.3468,0.19597,0.0036223,0.094905
1.417,0.22953,0.0040419,0.093057
0.10933,0.030918,0.0040419,0.093057
0.12342,0.020242,0.004268,0.094421
0.30177,0.060688,0.004468,0.095345
0.10832,0.022136,0.0020706,0.074402
0.087542,0.032623,0.0048159,0.10551
0.1164,0.021978,0.0026964,0.086985
0.13456,0.028581,0.0033745,0.092749
0.05282,0.010463,0.004444,0.10146
0.23523,0.045093,0.0024297,0.078185
0.47758,0.16411,0.004779,0.085313
0.10577,0.03155,0.004779,0.085313
0.15524,0.090085,0.0032901,0.091781
0.13428,0.029228,0.0039964,0.093805
0.077627,0.010036,0.0031104,0.087381
0.096339,0.018867,0.0031019,0.086237
0.38431,0.082055,0.0033968,0.081441
0.13372,0.037388,0.0025662,0.080737
0.21617,0.038526,0.0030628,0.083597
0.10813,0.015562,0.0030628,0.083597
0.077255,0.024724,0.0027227,0.084741
2.9532,0.33232,0.0022216,0.075678
0.34051,0.053439,0.0036738,0.095829
0.88171,0.15175,0.0026772,0.087337
0.12135,0.026281,0.0036201,0.098381
0.055107,0.0094963,0.0035775,0.094993
0.1191,0.017504,0.0036231,0.097413
0.13038,0.0097144,0.0036231,0.097413
0.18213,0.036971,0.00429,0.10401
0.77805,0.15604,0.0043732,0.10278
0.68292,0.037623,0.0043732,0.10278
0.25866,0.025426,0.0041945,0.096401
0.30021,0.045127,0.0046602,0.1037
0.25563,0.057493,0.0030421,0.090813
0.30887,0.052598,0.0040701,0.093145
0.33428,0.08579,0.0040701,0.093145
0.20751,0.02395,0.0043089,0.096841
0.66965,0.10278,0.0041869,0.10146
0.1439,0.0036934,0.0041258,0.094377
0.55334,0.21779,0.0038599,0.094025
0.21066,0.033516,0.0043437,0.089053
0.18897,0.026406,0.0036001,0.091253
0.2206,0.043463,0.0045515,0.10146
0.24563,0.063966,0.0037028,0.093629
0.47661,0.088915,0.0046649,0.10203
0.65119,0.12427,0.0039081,0.099525
0.05943,0.033091,0.0039055,0.092617
0.16342,0.032272,0.0039055,0.092617
2.1636,0.14018,0.0029445,0.086369
1.8527,0.26801,0.0037369,0.099173
2.3444,0.21051,0.0046628,0.10164
0.062694,0.030112,0.0034372,0.092089
0.36347,0.038708,0.0047308,0.096709
0.14527,0.044199,0.0035018,0.096621
0.061702,0.022128,0.0048049,0.10137
1.4394,0.25626,0.0039599,0.096313
0.16224,0.049189,0.0039599,0.096313
3.7337,0.34715,0.0043921,0.096357
0.17274,0.013202,0.0041889,0.095917
0.087339,0.01448,0.0041889,0.095917
0.16132,0.02024,0.0055264,0.10648
0.0059597,0.0050765,0.0022655,0.077157
0.11266,0.082961,0.0023484,0.074619
0.54737,0.099233,0.0024135,0.075635
0.24561,0.059372,0.0024135,0.075635
0.084466,0.028944,0.0025915,0.078173
0.72862,0.11676,0.0025915,0.078173
0.33148,0.045541,0.0025977,0.074112
0.11909,0.032502,0.0025977,0.074112
0.068037,0.099827,0.0029747,0.075127
0.17013,0.07222,0.0027038,0.077665
0.10419,0.054429,0.0019276,0.074112
0.1204,0.12715,0.0024185,0.073096
0.65615,0.2608,0.0023172,0.074619
0.33609,0.22806,0.0026865,0.082741
0.67682,0.44898,0.0023784,0.069543
0.31026,0.065765,0.0026859,0.081726
0.45951,0.081889,0.0029275,0.07868
0.1244,0.094034,0.0029275,0.07868
0.7241,0.13512,0.0026704,0.069543
1.5463,0.13539,0.0022517,0.078173
0.077824,0.021686,0.0028826,0.072081
0.076025,0.051079,0.0024407,0.074619
0.2754,0.040087,0.0031055,0.074619
0.24496,0.043515,0.0029779,0.069543
0.54362,0.059919,0.0031881,0.080711
0.16728,0.033091,0.0029863,0.084772
0.04409,0.0074402,0.0023268,0.072589
0.19423,0.015787,0.0028531,0.07868
0.21113,0.031897,0.0020175,0.062232
0.091306,0.012377,0.0014677,0.05886
0.077069,0.0067035,0.0016851,0.061925
0.42691,0.16863,0.0024915,0.071148
0.2001,0.018385,0.0023071,0.072269
0.086441,0.0044312,0.0030695,0.07619
0.16189,0.011032,0.0024636,0.074188
0.75889,0.22631,0.0025332,0.070509
1.5034,0.22991,0.0026058,0.07572
0.42687,0.099866,0.0024116,0.072348
0.049576,0.010396,0.0020094,0.072655
0.1356,0.010943,0.0020094,0.072655
0.081442,0.023096,0.0025639,0.073268
0.1415,0.072739,0.0014724,0.058925
0.20372,0.095066,0.0014724,0.058925
0.047847,0.030821,0.0022839,0.066147
0.061785,0.022414,0.0017935,0.062103
0.21878,0.12501,0.0016382,0.058925
0.34104,0.084252,0.0027428,0.0803
0.28943,0.060018,0.0027428,0.0803
0.49495,0.14713,0.0021034,0.068458
0.11833,0.019604,0.0022645,0.07279
0.58442,0.093189,0.0039825,0.083189
0.23726,0.04843,0.0022653,0.069324
0.099121,0.066207,0.0022653,0.069324
0.022774,0.018508,0.0027457,0.073946
1.565,0.30329,0.0027457,0.073946
0.46853,0.088365,0.0025323,0.072501
0.043297,0.0219,0.0025323,0.072501
0.18335,0.017022,0.0036776,0.081745
0.18116,0.021228,0.0036776,0.081745
0.50577,0.035219,0.0028487,0.070479
0.070858,0.015498,0.0039579,0.075968
